4 0.7828125 0.63359375 0.0625 0.14375
4 0.45234375 0.5359375 0.06875 0.096875
4 0.66640625 0.52421875 0.0515625 0.0859375
4 0.2828125 0.56015625 0.0390625 0.0671875
4 0.37265625 0.53828125 0.0453125 0.0859375
4 0.13359375 0.578125 0.0546875 0.1015625
4 0.63125 0.51953125 0.078125 0.09375
4 0.50859375 0.5203125 0.065625 0.10625
4 0.75234375 0.5359375 0.05 0.096875
2 0.13671875 0.59453125 0.021875 0.021875
2 0.18203125 0.5390625 0.015625 0.021875
2 0.27734375 0.54765625 0.015625 0.021875
2 0.309375 0.5359375 0.0125 0.0234375
2 0.43671875 0.546875 0.015625 0.0203125
2 0.509375 0.553125 0.0171875 0.0203125
1 0.12734375 0.50703125 0.0265625 0.0125
1 0.28359375 0.47109375 0.0234375 0.0171875
1 0.3734375 0.4828125 0.021875 0.0109375
1 0.4984375 0.471875 0.021875 0.009375
1 0.621875 0.45390625 0.01875 0.009375
1 0.6734375 0.45703125 0.025 0.009375
1 0.753125 0.48203125 0.021875 0.0109375