3 0.04609375 0.253125 0.090625 0.18125
3 0.2484375 0.259375 0.090625 0.15
3 0.859375 0.26953125 0.06875 0.08125
3 0.56484375 0.2890625 0.08125 0.1046875
3 0.384375 0.40078125 0.11875 0.190625
4 0.859375 0.46796875 0.1328125 0.2109375
4 0.084375 0.48203125 0.16875 0.325
4 0.259375 0.4828125 0.1421875 0.246875
4 0.5609375 0.534375 0.153125 0.2890625
4 0.409375 0.74921875 0.2015625 0.421875
0 0.1046875 0.89140625 0.0875 0.2171875
0 0.88671875 0.715625 0.0625 0.0953125
0 0.79453125 0.70234375 0.05625 0.075
2 0.62265625 0.775 0.0640625 0.1171875
2 0.28515625 0.82578125 0.0640625 0.1296875