4 0.2046875 0.42578125 0.1375 0.2703125
4 0.31875 0.42578125 0.121875 0.3015625
4 0.47421875 0.35546875 0.1328125 0.2734375
3 0.22578125 0.2140625 0.0859375 0.1
3 0.34609375 0.20703125 0.0734375 0.0765625
3 0.4359375 0.15859375 0.065625 0.0890625
3 0.509375 0.165625 0.071875 0.071875
0 0.21484375 0.8859375 0.0765625 0.0875
0 0.26640625 0.88359375 0.0765625 0.0765625
0 0.3484375 0.8609375 0.084375 0.059375
0 0.471875 0.890625 0.1 0.053125
2 0.59375 0.25625 0.053125 0.05625
2 0.27734375 0.49609375 0.0328125 0.0625